x,y,z,cluster
-1.71795,1.71795,-1.71795,21
-1.71795,5.15385,-1.71795,4
-1.71795,8.58975,-1.71795,15
-1.71795,1.71795,1.71795,14
-3.4359,3.4359,0.0,27
-1.71795,5.15385,1.71795,7
-3.4359,6.8718,0.0,34
-1.71795,8.58975,1.71795,11
-1.71795,1.71795,5.15385,30
-3.4359,3.4359,3.4359,22
-1.71795,5.15385,5.15385,17
-3.4359,6.8718,3.4359,33
-1.71795,8.58975,5.15385,6
0.0,3.4359,-3.4359,26
0.0,6.8718,-3.4359,10
1.71795,1.71795,-1.71795,16
1.71795,5.15385,-1.71795,18
1.71795,8.58975,-1.71795,28
0.0,0.0,0.0,1
1.71795,1.71795,1.71795,8
1.71795,5.15385,1.71795,19
3.4359,3.4359,0.0,13
1.71795,8.58975,1.71795,2
3.4359,6.8718,0.0,29
0.0,10.3077,0.0,23
0.0,0.0,3.4359,20
1.71795,1.71795,5.15385,32
1.71795,5.15385,5.15385,25
3.4359,3.4359,3.4359,5
1.71795,8.58975,5.15385,24
3.4359,6.8718,3.4359,31
0.0,10.3077,3.4359,9
0.0,3.4359,6.8718,3
0.0,6.8718,6.8718,12
